192 168 0 0 24
10 20 30 0 24
172 16 0 0 16
100 64 0 0 10
198 51 100 0 24
203 0 113 0 24
172 31 0 0 16
192 0 2 0 24
203 0 113 128 25
192 0 0 0 24
198 18 0 0 15
203 0 113 192 26
192 88 99 0 24
192 0 0 0 29
203 0 113 224 27
192 0 0 8 30
203 0 113 240 28
203 0 113 248 29
203 0 113 252 30
203 0 113 254 31
203 0 113 255 32
192 0 0 16 28
192 0 0 32 27
192 0 0 64 26
192 0 0 128 25
192 0 1 0 24
192 0 3 0 24
192 0 4 0 24
192 0 5 0 24
192 0 6 0 24
192 0 7 0 24
192 0 8 0 24
192 0 9 0 24
192 0 10 0 24
192 0 11 0 24
192 0 12 0 24
192 0 13 0 24
192 0 14 0 24
192 0 15 0 24
192 0 16 0 24
192 0 17 0 24
192 0 18 0 24
192 0 19 0 24
192 0 20 0 24
192 0 21 0 24
192 0 22 0 24
192 0 23 0 24
192 0 24 0 24
192 0 25 0 24
192 0 26 0 24
192 0 27 0 24
192 0 28 0 24
192 0 29 0 24
192 0 30 0 24
192 0 31 0 24
192 0 32 0 24
192 0 33 0 24
192 0 34 0 24
192 0 35 0 24
192 0 36 0 24
192 0 37 0 24
192 0 38 0 24
192 0 39 0 24
192 0 40 0 24
192 0 41 0 24
192 0 42 0 24
192 0 43 0 24
192 0 44 0 24
192 0 45 0 24
192 0 46 0 24
192 0 47 0 24
192 0 48 0 24
192 0 49 0 24
192 0 50 0 24
192 0 51 0 24
192 0 52 0 24
192 0 53 0 24
192 0 54 0 24
192 0 55 0 24
192 0 56 0 24
192 0 57 0 24
192 0 58 0 24
192 0 59 0 24
192 0 60 0 24
192 0 61 0 24
192 0 62 0 24
192 0 63 0 24
192 0 64 0 24
192 0 65 0 24
192 0 66 0 24
192 0 67 0 24
192 0 68 0 24
192 0 69 0 24
192 0 70 0 24
192 0 71 0 24
192 0 72 0 24
192 0 73 0 24
192 0 74 0 24
192 0 75 0 24
192 0 76 0 24
