92 156 128 0  22
42 63 32 0  19
201 15 128 0  17
124 229 192 0  18
158 201 0 0  16
66 43 64 0  18
169 186 192 0  18
228 121 32 0  19
203 134 64 0  18
155 92 128 0  17
109 43 128 0  17
139 242 128 0  18
134 75 0 0  16
100 206 0 0  16
99 29 128 0  17
118 132 128 0  17
66 169 128 0  17
166 3 0 0  16
54 74 192 0  18
48 225 128 0  17
72 153 128 0  17
238 91 128 0  17
35 194 128 0  17
218 209 0 0  16
87 246 128 0  17
169 63 0 0  16
143 196 128 0  17
51 98 192 0  18
119 4 0 0  16
83 206 128 0  17
59 114 0 0  16
232 27 0 0  16
164 48 128 0  17
65 203 128 0  17
184 9 128 0  17
227 143 128 0  17
169 42 0 0  16
181 85 128 0  17
31 92 0 0  16
141 238 0 0  16
72 182 128 0  17
181 35 128 0  17
140 84 128 0  17
81 41 128 0  17
197 243 192 0  18
105 124 128 0  17
103 193 128 0  17
225 116 128 0  17
202 91 128 0  17
223 34 192 0  18
58 3 128 0  17
89 162 128 0  17
123 135 0 0  16
152 231 192 0  18
206 59 128 0  17
164 172 0 0  16
80 243 0 0  16
146 199 128 0  17
140 129 0 0  16
94 181 0 0  16
84 70 192 0  18
145 34 0 0  16
107 3 128 0  17
62 108 0 0  16
210 219 192 0  18
99 102 128 0  17
181 164 128 0  17
178 246 128 0  17
201 214 128 0  17
195 47 128 0  17
218 8 128 0  17
229 132 128 0  17
88 8 128 0  17
56 20 192 0  18
39 11 128 0  17
215 245 128 0  17
208 113 192 0  18
68 37 0 0  16
124 82 128 0  17
147 141 0 0  16
174 13 0 0  16
209 194 128 0  17
68 14 192 0  18
84 227 128 0  17
227 73 128 0  17
144 58 128 0  17
97 17 128 0  17
138 32 0 0  16
149 99 0 0  16
172 183 128 0  17
216 21 192 0  18
186 173 0 0  16
217 4 0 0  16
235 194 0 0  16
124 36 192 0  18
168 25 192 0  18
115 213 128 0  17
158 35 128 0  17
221 214 128 0  17
108 194 128 0  17
